0 1429
0 1541
0 1688
1 95
1 214
1 1915
2 102
2 637
3 779
3 1336
4 796
4 1056
4 1916
5 153
5 1861
6 1108
6 1337
6 1907
7 1332
8 195
8 298
9 522
9 1388
9 1960
10 739
10 1158
11 787
11 1111
11 1372
11 1778
12 732
12 1057
12 1667
13 1524
14 1359
14 1483
15 1689
16 147
16 1311
16 1572
16 1895
17 234
18 1467
19 244
19 293
19 1528
19 1861
20 156
20 814
21 1158
22 588
23 671
24 991
25 53
26 628
26 1890
27 628
27 1241
27 1812
28 518
28 962
28 1337
29 225
30 41
30 974
31 56
31 320
31 480
32 838
32 1078
33 1888
34 1026
34 1383
35 172
36 1666
37 1041
38 121
38 1511
38 1548
39 1355
40 294
41 30
42 668
42 902
43 1153
44 135
45 506
46 249
46 1364
46 1651
47 297
47 732
47 1179
47 1216
47 1437
47 1452
47 1716
47 1783
48 482
48 858
48 1832
49 179
50 926
51 170
51 495
52 94
52 991
53 25
53 604
53 935
53 1341
53 1438
54 129
54 1707
55 234
55 516
55 1111
55 1194
55 1287
55 1791
56 31
56 1828
57 126
57 231
57 1644
58 1499
58 1529
59 1416
59 1454
60 324
60 595
60 1327
61 681
61 1460
61 1847
62 697
62 1738
62 1956
63 288
63 1115
63 1285
64 357
64 1478
64 1656
65 1976
65 1998
66 119
67 811
68 276
68 333
68 653
68 1013
68 1262
69 532
69 1229
70 808
71 250
71 635
71 1757
72 947
73 194
74 182
74 1992
75 1656
76 775
77 1854
78 340
78 753
78 1497
79 1126
80 407
80 408
81 931
81 1202
81 1273
82 893
83 446
83 803
84 1718
84 1846
85 1292
85 1798
86 1594
87 243
88 376
89 1099
90 1277
90 1938
91 413
92 704
92 868
93 364
93 456
93 846
93 1525
94 52
94 760
95 1
95 475
95 1952
96 1784
97 383
97 1772
98 787
98 1292
99 1338
100 630
100 1243
100 1333
101 189
101 496
101 1469
102 2
102 563
103 189
104 1580
105 186
105 677
105 1133
106 1129
107 1028
107 1843
108 316
108 901
109 956
109 1109
109 1379
110 1047
111 229
111 806
112 420
112 1107
112 1910
113 529
113 1316
114 464
114 1969
115 1187
115 1628
115 1688
116 331
116 1394
116 1984
117 995
117 1601
118 642
118 748
118 1363
118 1669
119 66
119 525
119 1693
120 1339
120 1343
121 38
121 202
121 267
121 786
121 1051
121 1659
121 1809
122 293
122 538
122 780
123 1232
124 241
124 419
124 1920
125 351
125 1882
126 57
127 930
128 561
129 54
129 665
130 1163
131 1648
131 1698
132 761
132 1259
133 401
133 915
134 291
135 44
135 530
136 1492
137 143
137 551
137 872
138 1309
139 350
139 1673
140 1611
141 596
142 247
143 137
143 175
143 194
143 594
143 690
144 991
144 1526
145 877
145 1220
146 934
146 976
146 1592
146 1972
146 1981
147 16
148 285
148 593
149 156
149 572
150 1172
150 1580
151 1826
152 530
152 786
153 5
154 1308
155 1360
155 1934
156 20
156 149
156 252
156 941
157 1146
157 1604
158 1209
159 542
159 1657
160 1197
160 1533
161 799
162 800
162 1462
162 1598
163 1358
163 1399
164 1305
165 911
165 1851
166 176
166 1437
167 477
167 1362
168 948
168 1593
169 1245
170 51
170 1489
171 647
171 664
172 35
172 706
172 1569
173 1533
174 771
174 1369
175 143
176 166
177 815
177 1591
178 238
178 362
178 1010
178 1782
179 49
179 519
179 1475
179 1892
180 345
180 1665
180 1731
181 1464
181 1769
182 74
182 994
183 398
184 1532
185 1402
186 105
186 1932
187 311
188 1185
189 101
189 103
190 1589
190 1717
191 1107
192 334
192 1221
192 1700
193 1603
194 73
194 143
194 325
194 1053
195 8
196 1358
196 1992
197 479
197 499
197 1172
197 1661
198 841
198 1686
199 1733
199 1991
200 778
200 873
200 1322
201 907
201 1168
202 121
202 1756
203 633
203 905
203 1299
203 1331
204 424
204 949
205 712
205 1404
206 942
207 905
207 1838
208 1338
208 1556
209 421
210 1250
211 797
212 405
212 452
212 1390
213 1458
214 1
214 392
214 1082
214 1191
215 1304
216 387
216 985
217 221
218 544
218 1067
219 296
219 599
220 573
221 217
221 1509
221 1789
222 594
223 888
223 1126
224 489
225 29
225 949
226 330
226 1868
227 1222
227 1505
227 1985
228 1738
229 111
229 1210
229 1983
230 554
231 57
231 1467
231 1831
232 838
232 878
232 1795
233 1253
233 1687
234 17
234 55
234 1310
234 1420
234 1510
234 1807
235 435
235 840
235 960
235 1008
236 443
237 995
238 178
238 1794
239 296
239 413
239 427
240 709
240 746
240 1603
241 124
242 269
242 1996
243 87
243 1197
244 19
244 390
244 969
244 1177
244 1595
245 369
246 264
247 142
247 494
247 871
247 1762
248 380
248 786
249 46
249 854
249 1655
250 71
251 412
252 156
252 1563
252 1723
253 670
254 995
254 1446
255 1119
255 1840
256 391
256 1364
257 1507
258 576
258 671
258 1133
258 1727
259 271
259 680
260 605
260 1081
260 1964
261 1628
262 1073
263 1110
263 1556
264 246
264 639
264 715
265 303
266 536
267 121
267 1782
267 1898
268 794
268 1171
269 242
269 509
269 1275
269 1515
270 747
270 1970
271 259
271 923
271 1684
272 919
272 1278
273 1139
274 356
274 400
274 1976
275 1138
275 1790
276 68
276 554
276 1687
277 613
277 1391
278 849
278 883
279 841
280 949
280 1520
281 1458
281 1892
282 515
282 1449
283 652
283 811
284 664
284 1730
285 148
285 1685
286 1097
287 395
287 1047
288 63
288 649
288 1802
289 388
289 442
290 760
291 134
291 697
292 1963
293 19
293 122
293 584
294 40
294 302
294 1529
295 308
295 807
296 219
296 239
296 944
296 966
296 1375
297 47
297 722
298 8
298 1157
299 1970
300 1461
301 1568
302 294
302 536
302 693
302 1318
302 1897
303 265
303 1199
304 767
304 1040
305 1302
306 1961
307 399
307 418
307 1161
307 1518
308 295
308 410
308 455
308 1423
309 425
309 1341
309 1488
309 1635
310 1949
311 187
311 698
311 979
311 1294
312 672
312 1876
313 946
314 593
314 801
314 1516
314 1582
314 1739
315 1659
315 1906
316 108
317 462
317 1329
318 1106
318 1825
318 1895
319 994
320 31
320 622
320 1558
321 1100
321 1190
322 337
323 720
323 742
323 1696
324 60
324 850
324 1063
325 194
326 1289
327 1289
327 1522
328 1022
329 569
329 1922
330 226
331 116
331 841
332 432
333 68
333 783
333 937
334 192
334 1797
335 463
335 894
336 1393
337 322
337 886
338 1456
339 1494
340 78
340 1913
341 752
341 1842
342 588
343 722
344 1234
344 1751
345 180
345 1605
346 353
346 1848
347 904
347 1951
348 978
348 1176
348 1974
349 457
349 983
349 1256
349 1585
350 139
350 1383
351 125
351 878
352 520
352 855
352 1422
353 346
353 397
353 1064
354 392
355 1038
355 1992
356 274
356 1282
357 64
357 632
357 1376
357 1437
358 956
359 1093
360 627
360 912
361 1282
362 178
362 1874
362 1928
363 672
364 93
365 924
366 531
366 1721
367 1829
368 1625
369 245
369 853
370 591
371 391
372 467
372 1996
373 1093
374 904
375 833
375 1021
375 1192
375 1807
376 88
376 472
377 1305
377 1808
378 496
379 1019
380 248
381 813
382 1306
382 1643
383 97
383 756
383 964
383 1610
384 637
384 878
385 417
385 1325
386 611
386 1614
387 216
387 829
387 1721
387 1748
388 289
389 1285
389 1347
389 1605
389 1623
390 244
390 588
391 256
391 371
391 1380
392 214
392 354
392 735
393 1371
394 1305
394 1506
395 287
395 487
395 1788
396 718
396 1792
396 1836
397 353
397 1550
398 183
398 1505
399 307
399 656
399 1286
399 1482
399 1695
400 274
400 809
401 133
402 1024
402 1378
402 1658
403 974
404 1269
405 212
405 1921
405 1933
406 550
406 580
406 1165
406 1517
407 80
408 80
408 1372
409 1718
410 308
411 662
411 740
411 832
411 1155
411 1604
412 251
412 899
412 1698
413 91
413 239
413 1639
414 563
414 1624
415 435
415 617
415 1852
416 1480
417 385
417 1223
417 1317
418 307
418 449
418 621
418 990
419 124
419 852
420 112
421 209
421 568
421 682
421 1180
421 1242
422 508
422 878
423 597
424 204
425 309
425 1002
426 1795
427 239
428 840
429 847
429 936
430 443
430 1069
430 1123
430 1243
430 1343
430 1994
431 627
431 1842
432 332
432 1065
432 1766
433 990
433 1112
434 1980
435 235
435 415
435 802
435 1937
436 1143
437 517
437 1093
438 883
439 563
439 1841
440 1948
441 816
441 882
441 1271
442 289
442 985
443 236
443 430
444 1435
445 1510
445 1624
446 83
446 480
447 1742
448 570
448 1483
448 1494
448 1829
449 418
449 1883
450 1231
451 456
452 212
452 741
453 1279
454 982
455 308
455 1713
455 1862
455 1997
456 93
456 451
457 349
458 1442
458 1840
459 1342
459 1350
460 1586
461 1405
462 317
462 540
462 991
463 335
463 1108
464 114
465 1521
466 892
467 372
467 1280
468 805
469 1240
470 672
470 1650
471 869
472 376
472 1757
472 1808
473 1129
473 1917
474 713
475 95
475 1826
476 1221
476 1277
477 167
477 1232
477 1637
478 1309
479 197
479 547
480 31
480 446
481 1901
482 48
482 1472
482 1652
483 1749
484 1411
484 1655
485 869
485 1676
486 1790
487 395
488 943
489 224
489 858
490 869
491 899
491 1416
492 1863
493 636
494 247
494 1990
495 51
495 729
495 1340
496 101
496 378
497 921
497 997
498 1145
498 1587
499 197
499 953
500 793
501 1166
502 744
502 1919
503 816
503 1583
504 1111
504 1805
505 1767
506 45
506 1019
507 714
507 1304
507 1632
508 422
508 1519
509 269
510 934
510 1256
511 1943
512 742
513 747
514 659
514 1107
515 282
515 820
516 55
517 437
517 883
517 1617
518 28
518 1353
519 179
520 352
520 1611
521 940
521 1073
522 9
523 1821
524 1565
525 119
525 1916
526 1909
527 1657
528 626
528 865
528 1056
529 113
529 1693
530 135
530 152
530 1566
531 366
531 1501
532 69
532 854
532 1167
533 1567
534 1284
535 792
535 1012
535 1458
536 266
536 302
537 807
537 1272
538 122
539 1520
540 462
540 759
540 1224
540 1296
541 628
541 724
542 159
542 954
542 1124
543 604
543 867
543 1790
544 218
544 1630
545 1047
546 1834
547 479
548 1846
549 1237
550 406
551 137
552 1637
553 598
553 1822
554 230
554 276
555 987
555 1051
555 1297
555 1764
556 1830
557 1176
558 1196
559 1042
560 744
560 1043
561 128
561 1475
562 1415
562 1432
562 1640
563 102
563 414
563 439
563 589
563 1046
564 1034
565 1236
566 725
566 1402
567 1904
568 421
569 329
569 1742
569 1818
570 448
571 648
572 149
573 220
573 1450
573 1738
574 1163
575 759
575 1468
575 1715
576 258
576 1336
577 1080
578 1594
579 1830
580 406
581 1269
581 1612
582 1052
583 1120
583 1530
584 293
585 1317
585 1894
586 1249
586 1639
586 1881
587 1434
587 1701
587 1999
588 22
588 342
588 390
589 563
589 1109
589 1501
589 1785
590 1589
591 370
591 1475
592 974
592 1452
593 148
593 314
593 1981
594 143
594 222
594 887
595 60
596 141
596 805
596 1332
596 1451
596 1543
597 423
597 993
598 553
598 1885
598 1959
599 219
599 965
600 1395
601 1361
601 1543
601 1697
601 1848
602 1508
603 955
603 1532
604 53
604 543
604 1137
604 1456
604 1680
605 260
605 1836
606 1459
607 897
607 1426
608 931
608 1152
609 1687
610 943
610 1564
611 386
612 1136
613 277
614 708
614 1038
614 1086
615 672
616 1868
617 415
618 725
618 1149
618 1312
618 1849
619 1183
619 1308
620 1677
621 418
622 320
622 1065
622 1691
623 1848
624 1714
625 1196
625 1309
626 528
626 1940
627 360
627 431
627 1282
628 26
628 27
628 541
628 1706
629 1725
630 100
630 1019
631 1731
632 357
632 1542
632 1587
633 203
633 1376
633 1857
634 1618
634 1826
635 71
636 493
636 1208
637 2
637 384
637 1417
638 1422
639 264
639 730
639 1018
639 1211
639 1787
640 1535
640 1979
641 1149
642 118
642 1250
643 1850
644 1141
644 1796
645 970
645 1259
646 1074
647 171
648 571
648 1018
649 288
649 736
649 1384
650 1453
651 810
652 283
652 813
653 68
654 681
655 1665
656 399
657 1630
657 1681
658 1271
659 514
660 1233
661 1472
662 411
662 869
662 1487
663 1390
664 171
664 284
664 757
664 1293
664 1933
665 129
665 1046
666 1471
667 1992
668 42
668 1064
669 1406
670 253
670 1791
671 23
671 258
671 758
671 1744
672 312
672 363
672 470
672 615
672 1153
672 1762
673 806
673 970
673 1870
674 1633
675 975
675 1324
675 1628
676 743
677 105
677 947
677 982
677 1319
678 761
679 1664
680 259
681 61
681 654
682 421
682 1013
682 1777
683 1632
684 1148
685 859
686 830
686 1281
687 1487
687 1855
688 1438
689 1487
690 143
690 787
691 1104
691 1968
692 1164
692 1279
692 1630
692 1816
693 302
693 1612
694 709
694 762
695 1735
696 981
696 1800
696 1961
697 62
697 291
697 1552
698 311
699 1292
700 1478
701 1164
701 1165
701 1496
701 1570
702 917
702 1677
703 1007
703 1228
704 92
705 829
706 172
706 1432
706 1743
707 759
707 995
708 614
708 981
708 1231
709 240
709 694
710 1511
711 869
711 1246
712 205
712 1908
713 474
713 1480
714 507
715 264
715 837
715 1551
716 970
717 852
717 1469
718 396
718 1872
719 818
719 1500
719 1585
720 323
721 1144
722 297
722 343
722 751
723 1496
724 541
725 566
725 618
725 1072
726 963
726 1024
727 1037
727 1125
728 852
729 495
730 639
730 1180
731 1767
732 12
732 47
732 743
732 1235
732 1736
733 1042
734 1675
734 1921
735 392
735 1195
736 649
737 1811
738 1730
739 10
739 1213
739 1957
740 411
741 452
742 323
742 512
742 1172
742 1227
742 1296
743 676
743 732
743 1218
743 1899
744 502
744 560
745 1058
745 1497
745 1711
745 1877
746 240
747 270
747 513
747 1476
748 118
748 1672
748 1692
749 1390
749 1502
750 1912
751 722
751 1428
752 341
752 1225
753 78
753 1740
754 1130
754 1454
755 1910
756 383
756 1089
757 664
758 671
759 540
759 575
759 707
759 1092
760 94
760 290
761 132
761 678
761 892
761 1597
762 694
763 910
764 1320
764 1624
765 905
765 958
765 1820
766 868
767 304
767 1698
768 1658
769 950
769 1594
769 1647
769 1905
770 1411
771 174
772 1541
772 1712
773 1779
773 1895
774 1063
774 1172
774 1314
774 1760
775 76
775 813
775 1558
776 1006
777 1963
778 200
778 1759
779 3
779 928
779 1483
779 1929
780 122
781 1809
782 1248
783 333
783 1412
784 850
785 930
785 1975
786 121
786 152
786 248
786 1278
786 1845
787 11
787 98
787 690
788 973
788 1353
788 1758
789 835
789 1202
789 1550
790 1378
791 825
791 1129
792 535
792 1600
793 500
793 1996
794 268
794 893
795 1796
796 4
797 211
797 1338
798 1300
799 161
799 1280
800 162
800 1522
801 314
802 435
802 921
802 1027
803 83
803 826
803 1068
803 1142
803 1391
803 1818
804 1245
805 468
805 596
806 111
806 673
806 999
807 295
807 537
807 1203
808 70
808 1053
808 1127
809 400
810 651
810 1226
810 1240
811 67
811 283
812 890
812 1005
812 1555
812 1816
812 1837
813 381
813 652
813 775
813 1811
814 20
814 1015
815 177
816 441
816 503
816 1854
817 1207
818 719
818 1148
818 1378
819 1429
820 515
820 949
820 1012
821 1061
821 1893
822 850
822 1673
823 1326
824 1813
825 791
826 803
827 1646
828 853
828 1490
828 1823
829 387
829 705
830 686
830 1040
830 1594
830 1939
831 1844
832 411
832 1156
832 1306
832 1465
832 1615
833 375
834 1816
835 789
835 989
836 1199
836 1260
837 715
838 32
838 232
839 1446
840 235
840 428
841 198
841 279
841 331
842 876
842 1018
843 990
844 920
845 1481
845 1774
846 93
846 900
846 1154
847 429
847 1895
848 1374
848 1738
849 278
850 324
850 784
850 822
851 1668
852 419
852 717
852 728
852 1100
852 1690
853 369
853 828
853 1962
854 249
854 532
854 1734
855 352
856 1312
856 1422
857 1485
857 1800
858 48
858 489
858 891
859 685
859 1015
860 1783
861 1530
862 1403
863 1502
864 1652
865 528
866 1941
867 543
868 92
868 766
868 1265
869 471
869 485
869 490
869 662
869 711
870 1450
871 247
871 1169
872 137
873 200
873 1098
873 1853
874 939
875 876
875 1856
875 1945
876 842
876 875
877 145
877 939
878 232
878 351
878 384
878 422
878 1024
878 1387
878 1973
879 891
879 1315
880 1202
880 1212
881 1556
882 441
883 278
883 438
883 517
883 1912
884 1977
885 1987
886 337
886 1160
886 1188
887 594
888 223
889 1327
890 812
890 1176
891 858
891 879
892 466
892 761
892 929
893 82
893 794
894 335
894 1967
895 1184
895 1398
895 1419
896 910
896 1783
897 607
897 1132
897 1911
897 1992
898 939
898 1367
899 412
899 491
900 846
900 1583
901 108
901 1850
902 42
903 1090
903 1200
903 1781
903 1831
904 347
904 374
904 968
904 1176
905 203
905 207
905 765
905 1738
906 925
906 1098
907 201
907 1531
907 1967
908 963
908 1865
909 977
909 1004
910 763
910 896
910 1266
911 165
911 1969
912 360
912 980
913 1839
914 1004
915 133
915 1433
916 1202
917 702
917 986
918 1163
918 1958
919 272
920 844
920 1800
921 497
921 802
921 1406
921 1806
922 1894
923 271
924 365
924 1855
925 906
925 1348
925 1389
925 1400
926 50
926 1966
927 1144
927 1816
928 779
929 892
929 1708
929 1710
929 1768
930 127
930 785
930 981
931 81
931 608
931 1453
932 1168
933 1329
934 146
934 510
935 53
935 1745
936 429
936 1091
937 333
938 1029
938 1920
939 874
939 877
939 898
939 971
939 1051
939 1134
939 1679
939 1868
940 521
940 1521
940 1640
941 156
941 1080
941 1721
942 206
942 984
943 488
943 610
943 1035
943 1602
943 1949
944 296
945 1456
946 313
946 1113
947 72
947 677
948 168
949 204
949 225
949 280
949 820
949 1397
950 769
951 1195
952 1433
952 1895
953 499
954 542
955 603
955 1745
956 109
956 358
956 1761
957 1788
958 765
959 1857
960 235
961 1416
962 28
963 726
963 908
963 1330
964 383
965 599
966 296
966 1544
967 1568
968 904
969 244
969 1728
970 645
970 673
970 716
970 1120
970 1907
971 939
972 1514
973 788
974 30
974 403
974 592
974 1371
975 675
976 146
977 909
977 1247
977 1268
978 348
979 311
980 912
981 696
981 708
981 930
981 1039
982 454
982 677
983 349
983 1613
984 942
984 1790
985 216
985 442
986 917
986 1011
986 1813
987 555
988 1608
988 1846
989 835
989 1946
990 418
990 433
990 843
991 24
991 52
991 144
991 462
991 1788
992 1451
993 597
993 1272
994 182
994 319
995 117
995 237
995 254
995 707
995 1366
996 1457
997 497
997 1175
997 1859
998 1992
999 806
1000 1150
1001 1805
1002 425
1002 1776
1003 1004
1003 1461
1003 1869
1004 909
1004 914
1004 1003
1005 812
1006 776
1006 1325
1007 703
1008 235
1008 1986
1009 1393
1009 1487
1010 178
1010 1116
1010 1854
1011 986
1011 1754
1012 535
1012 820
1012 1199
1013 68
1013 682
1014 1378
1014 1839
1015 814
1015 859
1016 1617
1017 1183
1018 639
1018 648
1018 842
1019 379
1019 506
1019 630
1019 1980
1020 1437
1021 375
1021 1553
1022 328
1022 1570
1022 1627
1023 1229
1024 402
1024 726
1024 878
1024 1028
1025 1113
1026 34
1027 802
1027 1431
1028 107
1028 1024
1028 1409
1029 938
1029 1547
1029 1817
1030 1198
1030 1323
1030 1887
1031 1427
1031 1638
1031 1664
1031 1767
1032 1333
1032 1355
1033 1190
1033 1935
1034 564
1034 1165
1034 1835
1034 1992
1035 943
1035 1556
1036 1888
1036 1900
1037 727
1037 1099
1038 355
1038 614
1039 981
1040 304
1040 830
1040 1414
1041 37
1041 1502
1042 559
1042 733
1042 1244
1043 560
1044 1568
1045 1346
1045 1784
1046 563
1046 665
1046 1931
1047 110
1047 287
1047 545
1048 1643
1049 1088
1049 1471
1050 1630
1051 121
1051 555
1051 939
1051 1341
1051 1612
1052 582
1052 1942
1053 194
1053 808
1054 1683
1054 1930
1055 1348
1055 1801
1056 4
1056 528
1057 12
1058 745
1059 1412
1060 1147
1060 1357
1061 821
1061 1210
1061 1988
1062 1387
1063 324
1063 774
1064 353
1064 668
1064 1460
1065 432
1065 622
1065 1976
1066 1157
1067 218
1068 803
1069 430
1070 1608
1071 1137
1072 725
1072 1576
1073 262
1073 521
1074 646
1074 1149
1075 1758
1076 1368
1077 1221
1078 32
1079 1207
1080 577
1080 941
1081 260
1081 1755
1082 214
1083 1284
1083 1603
1084 1583
1085 1278
1086 614
1087 1972
1088 1049
1088 1239
1088 1265
1088 1481
1088 1947
1089 756
1090 903
1091 936
1092 759
1093 359
1093 373
1093 437
1093 1669
1094 1494
1095 1603
1095 1985
1096 1510
1097 286
1097 1237
1098 873
1098 906
1098 1655
1099 89
1099 1037
1100 321
1100 852
1100 1595
1101 1210
1101 1724
1102 1210
1103 1940
1104 691
1105 1701
1106 318
1107 112
1107 191
1107 514
1107 1209
1107 1536
1108 6
1108 463
1108 1430
1109 109
1109 589
1109 1800
1110 263
1111 11
1111 55
1111 504
1112 433
1112 1395
1113 946
1113 1025
1113 1433
1113 1871
1114 1842
1115 63
1116 1010
1117 1665
1118 1892
1119 255
1120 583
1120 970
1121 1645
1122 1330
1123 430
1123 1693
1124 542
1124 1432
1124 1824
1125 727
1125 1685
1126 79
1126 223
1126 1586
1127 808
1128 1862
1129 106
1129 473
1129 791
1130 754
1131 1968
1132 897
1133 105
1133 258
1133 1840
1134 939
1134 1549
1135 1860
1135 1992
1136 612
1136 1651
1137 604
1137 1071
1138 275
1139 273
1139 1524
1139 1568
1140 1488
1140 1902
1141 644
1141 1282
1141 1804
1142 803
1143 436
1143 1483
1144 721
1144 927
1145 498
1146 157
1146 1368
1147 1060
1147 1313
1148 684
1148 818
1149 618
1149 641
1149 1074
1150 1000
1150 1165
1151 1825
1152 608
1153 43
1153 672
1154 846
1155 411
1156 832
1156 1430
1156 1955
1157 298
1157 1066
1157 1630
1158 10
1158 21
1158 1949
1159 1541
1159 1925
1160 886
1161 307
1161 1587
1161 1649
1162 1825
1163 130
1163 574
1163 918
1163 1546
1164 692
1164 701
1165 406
1165 701
1165 1034
1165 1150
1165 1784
1166 501
1166 1462
1167 532
1167 1444
1168 201
1168 932
1169 871
1169 1251
1170 1959
1171 268
1171 1424
1171 1869
1172 150
1172 197
1172 742
1172 774
1172 1641
1173 1844
1173 1972
1174 1421
1174 1683
1175 997
1176 348
1176 557
1176 890
1176 904
1176 1432
1177 244
1178 1755
1179 47
1180 421
1180 730
1180 1843
1181 1769
1182 1470
1183 619
1183 1017
1184 895
1184 1498
1184 1574
1184 1959
1185 188
1185 1838
1186 1212
1186 1746
1187 115
1187 1720
1188 886
1188 1697
1188 1982
1189 1336
1190 321
1190 1033
1191 214
1191 1866
1192 375
1193 1379
1194 55
1194 1296
1194 1354
1194 1943
1195 735
1195 951
1196 558
1196 625
1197 160
1197 243
1197 1788
1198 1030
1199 303
1199 836
1199 1012
1199 1741
1200 903
1201 1257
1202 81
1202 789
1202 880
1202 916
1203 807
1204 1376
1205 1460
1205 1527
1206 1290
1206 1630
1207 817
1207 1079
1207 1372
1208 636
1208 1423
1209 158
1209 1107
1210 229
1210 1061
1210 1101
1210 1102
1210 1722
1211 639
1212 880
1212 1186
1213 739
1214 1446
1215 1523
1216 47
1217 1721
1218 743
1219 1671
1220 145
1221 192
1221 476
1221 1077
1221 1650
1221 1725
1221 1924
1221 1930
1222 227
1223 417
1224 540
1225 752
1226 810
1227 742
1228 703
1228 1318
1228 1392
1229 69
1229 1023
1230 1650
1231 450
1231 708
1232 123
1232 477
1233 660
1233 1507
1234 344
1235 732
1235 1671
1236 565
1236 1389
1237 549
1237 1097
1237 1620
1237 1778
1238 1819
1238 1918
1239 1088
1240 469
1240 810
1240 1829
1241 27
1241 1476
1242 421
1242 1382
1243 100
1243 430
1243 1536
1244 1042
1244 1498
1244 1989
1245 169
1245 804
1245 1585
1246 711
1247 977
1247 1995
1248 782
1248 1410
1248 1637
1249 586
1250 210
1250 642
1251 1169
1252 1877
1253 233
1253 1814
1254 1659
1255 1652
1256 349
1256 510
1257 1201
1257 1402
1258 1717
1259 132
1259 645
1260 836
1260 1614
1261 1938
1262 68
1262 1889
1263 1567
1263 1827
1264 1340
1264 1703
1265 868
1265 1088
1266 910
1267 1644
1268 977
1269 404
1269 581
1269 1419
1270 1952
1271 441
1271 658
1272 537
1272 993
1272 1385
1272 1448
1273 81
1273 1445
1273 1803
1274 1455
1275 269
1276 1480
1277 90
1277 476
1278 272
1278 786
1278 1085
1279 453
1279 692
1280 467
1280 799
1281 686
1281 1702
1282 356
1282 361
1282 627
1282 1141
1283 1567
1283 1752
1284 534
1284 1083
1285 63
1285 389
1286 399
1286 1749
1287 55
1288 1663
1289 326
1289 327
1289 1944
1290 1206
1291 1740
1292 85
1292 98
1292 699
1293 664
1293 1377
1294 311
1294 1640
1295 1434
1296 540
1296 742
1296 1194
1297 555
1298 1461
1299 203
1300 798
1300 1639
1301 1696
1302 305
1302 1309
1303 1691
1304 215
1304 507
1304 1495
1304 1883
1304 1887
1305 164
1305 377
1305 394
1306 382
1306 832
1306 1340
1306 1670
1307 1531
1308 154
1308 619
1308 1396
1308 1420
1308 1458
1309 138
1309 478
1309 625
1309 1302
1309 1777
1310 234
1311 16
1311 1531
1312 618
1312 856
1313 1147
1313 1862
1314 774
1315 879
1316 113
1317 417
1317 585
1318 302
1318 1228
1318 1642
1319 677
1320 764
1321 1612
1321 1827
1322 200
1323 1030
1323 1540
1324 675
1325 385
1325 1006
1326 823
1326 1767
1327 60
1327 889
1328 1419
1328 1904
1328 1950
1329 317
1329 933
1330 963
1330 1122
1331 203
1332 7
1332 596
1332 1709
1333 100
1333 1032
1334 1888
1335 1539
1336 3
1336 576
1336 1189
1337 6
1337 28
1338 99
1338 208
1338 797
1339 120
1339 1418
1339 1705
1339 1849
1340 495
1340 1264
1340 1306
1341 53
1341 309
1341 1051
1341 1862
1342 459
1343 120
1343 430
1344 1520
1345 1476
1345 1691
1346 1045
1347 389
1347 1763
1348 925
1348 1055
1348 1963
1349 1598
1350 459
1350 1375
1351 1529
1352 1699
1353 518
1353 788
1354 1194
1354 1751
1354 1840
1355 39
1355 1032
1355 1789
1356 1458
1357 1060
1358 163
1358 196
1359 14
1360 155
1360 1365
1360 1667
1361 601
1361 1463
1362 167
1363 118
1363 1895
1364 46
1364 256
1364 1644
1365 1360
1366 995
1366 1559
1367 898
1368 1076
1368 1146
1369 174
1369 1631
1370 1906
1371 393
1371 974
1372 11
1372 408
1372 1207
1373 1777
1374 848
1374 1541
1374 1780
1375 296
1375 1350
1375 1968
1376 357
1376 633
1376 1204
1377 1293
1378 402
1378 790
1378 818
1378 1014
1379 109
1379 1193
1380 391
1381 1442
1382 1242
1383 34
1383 350
1384 649
1385 1272
1386 1592
1387 878
1387 1062
1387 1581
1388 9
1389 925
1389 1236
1389 1921
1390 212
1390 663
1390 749
1391 277
1391 803
1392 1228
1393 336
1393 1009
1393 1534
1394 116
1394 1947
1395 600
1395 1112
1396 1308
1397 949
1398 895
1398 1914
1399 163
1400 925
1400 1524
1401 1737
1402 185
1402 566
1402 1257
1402 1654
1402 1941
1403 862
1403 1583
1404 205
1405 461
1405 1611
1406 669
1406 921
1407 1794
1408 1772
1409 1028
1409 1480
1410 1248
1410 1605
1411 484
1411 770
1412 783
1412 1059
1413 1695
1414 1040
1415 562
1416 59
1416 491
1416 961
1416 1980
1417 637
1418 1339
1418 1818
1419 895
1419 1269
1419 1328
1420 234
1420 1308
1420 1477
1421 1174
1421 1579
1422 352
1422 638
1422 856
1423 308
1423 1208
1424 1171
1424 1875
1425 1867
1426 607
1427 1031
1427 1753
1428 751
1429 0
1429 819
1430 1108
1430 1156
1430 1660
1431 1027
1432 562
1432 706
1432 1124
1432 1176
1433 915
1433 952
1433 1113
1433 1523
1434 587
1434 1295
1434 1640
1434 1775
1435 444
1435 1798
1436 1715
1437 47
1437 166
1437 357
1437 1020
1438 53
1438 688
1438 1463
1439 1666
1440 1621
1441 1914
1442 458
1442 1381
1443 1917
1444 1167
1445 1273
1446 254
1446 839
1446 1214
1447 1507
1447 1683
1448 1272
1449 282
1450 573
1450 870
1451 596
1451 992
1451 1616
1452 47
1452 592
1453 650
1453 931
1454 59
1454 754
1455 1274
1455 1497
1456 338
1456 604
1456 945
1456 1595
1457 996
1457 1460
1458 213
1458 281
1458 535
1458 1308
1458 1356
1458 1891
1459 606
1459 1512
1460 61
1460 1064
1460 1205
1460 1457
1460 1985
1461 300
1461 1003
1461 1298
1462 162
1462 1166
1462 1586
1463 1361
1463 1438
1463 1471
1463 1958
1464 181
1464 1896
1465 832
1466 1692
1467 18
1467 231
1468 575
1469 101
1469 717
1470 1182
1470 1877
1471 666
1471 1049
1471 1463
1472 482
1472 661
1473 1682
1473 1949
1474 1933
1475 179
1475 561
1475 591
1476 747
1476 1241
1476 1345
1477 1420
1478 64
1478 700
1479 1889
1480 416
1480 713
1480 1276
1480 1409
1481 845
1481 1088
1482 399
1483 14
1483 448
1483 779
1483 1143
1484 1966
1485 857
1485 1714
1486 1546
1487 662
1487 687
1487 689
1487 1009
1488 309
1488 1140
1489 170
1490 828
1490 1908
1490 1923
1491 1996
1492 136
1492 1938
1493 1692
1494 339
1494 448
1494 1094
1495 1304
1495 1609
1495 1978
1496 701
1496 723
1497 78
1497 745
1497 1455
1498 1184
1498 1244
1498 1830
1499 58
1500 719
1501 531
1501 589
1502 749
1502 863
1502 1041
1503 1635
1504 1704
1505 227
1505 398
1506 394
1506 1745
1507 257
1507 1233
1507 1447
1508 602
1508 1911
1509 221
1509 1880
1510 234
1510 445
1510 1096
1510 1881
1510 1971
1511 38
1511 710
1512 1459
1512 1864
1513 1899
1514 972
1514 1761
1515 269
1516 314
1517 406
1518 307
1518 1596
1519 508
1520 280
1520 539
1520 1344
1521 465
1521 940
1522 327
1522 800
1522 1769
1523 1215
1523 1433
1524 13
1524 1139
1524 1400
1524 1892
1525 93
1526 144
1527 1205
1528 19
1528 1565
1528 1750
1529 58
1529 294
1529 1351
1529 1900
1530 583
1530 861
1530 1867
1531 907
1531 1307
1531 1311
1532 184
1532 603
1532 1773
1533 160
1533 173
1534 1393
1535 640
1536 1107
1536 1243
1536 1982
1537 1987
1538 1556
1538 1838
1538 1987
1539 1335
1539 1622
1539 1865
1540 1323
1541 0
1541 772
1541 1159
1541 1374
1542 632
1543 596
1543 601
1544 966
1545 1788
1546 1163
1546 1486
1547 1029
1548 38
1549 1134
1550 397
1550 789
1550 1573
1551 715
1552 697
1553 1021
1554 1949
1555 812
1556 208
1556 263
1556 881
1556 1035
1556 1538
1557 1632
1558 320
1558 775
1559 1366
1559 1588
1560 1908
1561 1571
1562 1852
1563 252
1564 610
1565 524
1565 1528
1566 530
1567 533
1567 1263
1567 1283
1568 301
1568 967
1568 1044
1568 1139
1569 172
1570 701
1570 1022
1571 1561
1571 1584
1572 16
1573 1550
1574 1184
1574 1704
1575 1591
1575 1636
1575 1917
1576 1072
1577 1758
1578 1620
1579 1421
1580 104
1580 150
1580 1936
1581 1387
1582 314
1583 503
1583 900
1583 1084
1583 1403
1583 1863
1584 1571
1584 1800
1585 349
1585 719
1585 1245
1586 460
1586 1126
1586 1462
1587 498
1587 632
1587 1161
1588 1559
1589 190
1589 590
1589 1622
1590 1763
1590 1948
1591 177
1591 1575
1591 1638
1592 146
1592 1386
1593 168
1593 1626
1594 86
1594 578
1594 769
1594 830
1595 244
1595 1100
1595 1456
1596 1518
1597 761
1598 162
1598 1349
1598 1852
1599 1612
1599 1740
1600 792
1600 1772
1601 117
1602 943
1603 193
1603 240
1603 1083
1603 1095
1604 157
1604 411
1605 345
1605 389
1605 1410
1606 1873
1607 1963
1608 988
1608 1070
1609 1495
1610 383
1611 140
1611 520
1611 1405
1612 581
1612 693
1612 1051
1612 1321
1612 1599
1613 983
1614 386
1614 1260
1615 832
1616 1451
1617 517
1617 1016
1617 1954
1618 634
1619 1975
1620 1237
1620 1578
1620 1699
1621 1440
1621 1679
1622 1539
1622 1589
1623 389
1624 414
1624 445
1624 764
1625 368
1625 1633
1626 1593
1626 1806
1627 1022
1627 1873
1628 115
1628 261
1628 675
1629 1647
1630 544
1630 657
1630 692
1630 1050
1630 1157
1630 1206
1631 1369
1631 1651
1631 1991
1632 507
1632 683
1632 1557
1632 1674
1633 674
1633 1625
1633 1747
1634 1895
1635 309
1635 1503
1636 1575
1637 477
1637 552
1637 1248
1637 1747
1638 1031
1638 1591
1639 413
1639 586
1639 1300
1640 562
1640 940
1640 1294
1640 1434
1641 1172
1642 1318
1643 382
1643 1048
1643 1993
1644 57
1644 1267
1644 1364
1645 1121
1645 1899
1646 827
1646 1764
1647 769
1647 1629
1647 1694
1648 131
1649 1161
1650 470
1650 1221
1650 1230
1651 46
1651 1136
1651 1631
1651 1819
1651 1979
1652 482
1652 864
1652 1255
1653 1947
1654 1402
1655 249
1655 484
1655 1098
1656 64
1656 75
1657 159
1657 527
1658 402
1658 768
1659 121
1659 315
1659 1254
1660 1430
1661 197
1662 1980
1663 1288
1663 1803
1664 679
1664 1031
1664 1778
1665 180
1665 655
1665 1117
1665 1907
1666 36
1666 1439
1666 1808
1667 12
1667 1360
1668 851
1668 1901
1669 118
1669 1093
1670 1306
1670 1900
1671 1219
1671 1235
1672 748
1673 139
1673 822
1674 1632
1675 734
1676 485
1677 620
1677 702
1677 1956
1678 1877
1679 939
1679 1621
1680 604
1681 657
1682 1473
1683 1054
1683 1174
1683 1447
1683 1989
1684 271
1684 1862
1685 285
1685 1125
1686 198
1687 233
1687 276
1687 609
1688 0
1688 115
1689 15
1689 1890
1690 852
1691 622
1691 1303
1691 1345
1692 748
1692 1466
1692 1493
1693 119
1693 529
1693 1123
1694 1647
1694 1732
1695 399
1695 1413
1696 323
1696 1301
1697 601
1697 1188
1698 131
1698 412
1698 767
1699 1352
1699 1620
1700 192
1701 587
1701 1105
1702 1281
1703 1264
1704 1504
1704 1574
1705 1339
1705 1823
1706 628
1707 54
1707 1878
1708 929
1709 1332
1710 929
1711 745
1712 772
1713 455
1714 624
1714 1485
1715 575
1715 1436
1716 47
1717 190
1717 1258
1717 1726
1718 84
1718 409
1718 1770
1718 1912
1719 1884
1720 1187
1721 366
1721 387
1721 941
1721 1217
1722 1210
1723 252
1724 1101
1725 629
1725 1221
1726 1717
1727 258
1728 969
1729 1948
1730 284
1730 738
1731 180
1731 631
1732 1694
1733 199
1733 1894
1734 854
1735 695
1735 1907
1735 1977
1736 732
1737 1401
1737 1818
1738 62
1738 228
1738 573
1738 848
1738 905
1738 1772
1739 314
1740 753
1740 1291
1740 1599
1741 1199
1742 447
1742 569
1743 706
1744 671
1745 935
1745 955
1745 1506
1745 1996
1746 1186
1747 1633
1747 1637
1748 387
1749 483
1749 1286
1750 1528
1751 344
1751 1354
1752 1283
1752 1821
1753 1427
1754 1011
1754 1926
1755 1081
1755 1178
1755 1851
1756 202
1757 71
1757 472
1758 788
1758 1075
1758 1577
1758 1952
1759 778
1759 1965
1760 774
1761 956
1761 1514
1762 247
1762 672
1763 1347
1763 1590
1764 555
1764 1646
1765 1786
1765 1978
1766 432
1767 505
1767 731
1767 1031
1767 1326
1768 929
1769 181
1769 1181
1769 1522
1770 1718
1771 1858
1771 1879
1772 97
1772 1408
1772 1600
1772 1738
1773 1532
1774 845
1775 1434
1776 1002
1777 682
1777 1309
1777 1373
1778 11
1778 1237
1778 1664
1779 773
1780 1374
1780 1942
1781 903
1782 178
1782 267
1783 47
1783 860
1783 896
1784 96
1784 1045
1784 1165
1785 589
1786 1765
1787 639
1788 395
1788 957
1788 991
1788 1197
1788 1545
1789 221
1789 1355
1790 275
1790 486
1790 543
1790 984
1791 55
1791 670
1792 396
1793 1934
1794 238
1794 1407
1794 1815
1795 232
1795 426
1796 644
1796 795
1797 334
1798 85
1798 1435
1799 1887
1800 696
1800 857
1800 920
1800 1109
1800 1584
1801 1055
1802 288
1803 1273
1803 1663
1804 1141
1805 504
1805 1001
1806 921
1806 1626
1807 234
1807 375
1808 377
1808 472
1808 1666
1809 121
1809 781
1810 1985
1811 737
1811 813
1812 27
1813 824
1813 986
1814 1253
1815 1794
1816 692
1816 812
1816 834
1816 927
1817 1029
1818 569
1818 803
1818 1418
1818 1737
1819 1238
1819 1651
1820 765
1821 523
1821 1752
1822 553
1822 1858
1823 828
1823 1705
1824 1124
1825 318
1825 1151
1825 1162
1826 151
1826 475
1826 634
1827 1263
1827 1321
1828 56
1829 367
1829 448
1829 1240
1830 556
1830 579
1830 1498
1830 1884
1830 1966
1831 231
1831 903
1832 48
1832 1870
1833 1885
1834 546
1834 1865
1835 1034
1836 396
1836 605
1836 1988
1837 812
1838 207
1838 1185
1838 1538
1839 913
1839 1014
1840 255
1840 458
1840 1133
1840 1354
1841 439
1842 341
1842 431
1842 1114
1843 107
1843 1180
1843 1903
1844 831
1844 1173
1845 786
1846 84
1846 548
1846 988
1847 61
1848 346
1848 601
1848 623
1848 1865
1849 618
1849 1339
1850 643
1850 901
1850 1991
1851 165
1851 1755
1852 415
1852 1562
1852 1598
1853 873
1854 77
1854 816
1854 1010
1855 687
1855 924
1856 875
1857 633
1857 959
1858 1771
1858 1822
1859 997
1860 1135
1861 5
1861 19
1862 455
1862 1128
1862 1313
1862 1341
1862 1684
1863 492
1863 1583
1864 1512
1864 1911
1864 1995
1865 908
1865 1539
1865 1834
1865 1848
1866 1191
1867 1425
1867 1530
1868 226
1868 616
1868 939
1869 1003
1869 1171
1870 673
1870 1832
1870 1960
1871 1113
1872 718
1873 1606
1873 1627
1873 1886
1874 362
1875 1424
1875 1901
1876 312
1877 745
1877 1252
1877 1470
1877 1678
1878 1707
1879 1771
1880 1509
1881 586
1881 1510
1882 125
1883 449
1883 1304
1884 1719
1884 1830
1885 598
1885 1833
1886 1873
1887 1030
1887 1304
1887 1799
1888 33
1888 1036
1888 1334
1889 1262
1889 1479
1890 26
1890 1689
1891 1458
1892 179
1892 281
1892 1118
1892 1524
1893 821
1894 585
1894 922
1894 1733
1895 16
1895 318
1895 773
1895 847
1895 952
1895 1363
1895 1634
1896 1464
1897 302
1898 267
1898 1919
1899 743
1899 1513
1899 1645
1899 1953
1900 1036
1900 1529
1900 1670
1901 481
1901 1668
1901 1875
1902 1140
1903 1843
1904 567
1904 1328
1905 769
1906 315
1906 1370
1907 6
1907 970
1907 1665
1907 1735
1908 712
1908 1490
1908 1560
1909 526
1909 1995
1910 112
1910 755
1910 1927
1911 897
1911 1508
1911 1864
1912 750
1912 883
1912 1718
1913 340
1914 1398
1914 1441
1915 1
1916 4
1916 525
1917 473
1917 1443
1917 1575
1918 1238
1919 502
1919 1898
1920 124
1920 938
1921 405
1921 734
1921 1389
1922 329
1923 1490
1924 1221
1925 1159
1926 1754
1927 1910
1928 362
1929 779
1930 1054
1930 1221
1931 1046
1932 186
1933 405
1933 664
1933 1474
1934 155
1934 1793
1935 1033
1936 1580
1937 435
1937 1951
1938 90
1938 1261
1938 1492
1939 830
1940 626
1940 1103
1941 866
1941 1402
1942 1052
1942 1780
1943 511
1943 1194
1944 1289
1945 875
1946 989
1947 1088
1947 1394
1947 1653
1948 440
1948 1590
1948 1729
1949 310
1949 943
1949 1158
1949 1473
1949 1554
1950 1328
1951 347
1951 1937
1952 95
1952 1270
1952 1758
1953 1899
1954 1617
1955 1156
1956 62
1956 1677
1957 739
1958 918
1958 1463
1959 598
1959 1170
1959 1184
1960 9
1960 1870
1961 306
1961 696
1962 853
1963 292
1963 777
1963 1348
1963 1607
1964 260
1965 1759
1966 926
1966 1484
1966 1830
1967 894
1967 907
1968 691
1968 1131
1968 1375
1969 114
1969 911
1970 270
1970 299
1971 1510
1972 146
1972 1087
1972 1173
1973 878
1974 348
1975 785
1975 1619
1976 65
1976 274
1976 1065
1977 884
1977 1735
1978 1495
1978 1765
1979 640
1979 1651
1980 434
1980 1019
1980 1416
1980 1662
1981 146
1981 593
1982 1188
1982 1536
1983 229
1984 116
1985 227
1985 1095
1985 1460
1985 1810
1986 1008
1987 885
1987 1537
1987 1538
1988 1061
1988 1836
1989 1244
1989 1683
1990 494
1991 199
1991 1631
1991 1850
1992 74
1992 196
1992 355
1992 667
1992 897
1992 998
1992 1034
1992 1135
1993 1643
1994 430
1995 1247
1995 1864
1995 1909
1996 242
1996 372
1996 793
1996 1491
1996 1745
1997 455
1998 65
1999 587
997
15051
